16
   0   22   26   39    2   26   46   39   29   13   10   28    2   37   41   42
  22    0   17   25   37   40   42   40    2   32   28   31   27   39   37   12
  26   17    0   32   16   21   23   10   31   15   50   40    2   42   50    1
  39   25   32    0   50    6   16   36   50   30    8   45    8   25   32   48
   2   37   16   50    0   18   15   41   29    3   47   32   24   41   28   34
  26   40   21    6   18    0   35   33   48   36   26   34   41    2   49   19
  46   42   23   16   15   35    0   22   10   13   40   30    3   36   33    3
  39   40   10   36   41   33   22    0   10   20   16   31   35   49   29   13
  29    2   31   50   29   48   10   10    0   45   37   46   26   48   16   16
  13   32   15   30    3   36   13   20   45    0   11   48   14   22   32   34
  10   28   50    8   47   26   40   16   37   11    0   49   22   47   33   37
  28   31   40   45   32   34   30   31   46   48   49    0   22   19   33   21
   2   27    2    8   24   41    3   35   26   14   22   22    0   44    5   47
  37   39   42   25   41    2   36   49   48   22   47   19   44    0   22   19
  41   37   50   32   28   49   33   29   16   32   33   33    5   22    0   16
  42   12    1   48   34   19    3   13   16   34   37   21   47   19   16    0